+--------------------+-----+
|            features|label|
+--------------------+-----+
|[0.0,0.0,0.0,0.0,...|  2.0|
|[3.0,0.0,1.0,1.0,...|  4.0|
|[0.0,0.0,0.0,0.0,...|  2.0|
|[4.0,2.0,2.0,0.0,...|  3.0|
|[8.0,2.0,5.0,4.0,...|  3.0|
|[0.0,1.0,0.0,0.0,...|  3.0|
|[0.0,5.0,0.0,0.0,...|  3.0|
|[0.0,0.0,0.0,0.0,...|  3.0|
|[0.0,3.0,0.0,0.0,...|  3.0|
|[0.0,0.0,0.0,0.0,...|  3.0|
+--------------------+-----+

r2 = 0.679612158805
+--------------------+-----+------------------+
|            features|label|        prediction|
+--------------------+-----+------------------+
|[0.0,0.0,0.0,0.0,...|  2.0| 2.442208634693337|
|[3.0,0.0,1.0,1.0,...|  4.0|3.2430352237228615|
|[0.0,0.0,0.0,0.0,...|  2.0|2.0504191033055563|
|[4.0,2.0,2.0,0.0,...|  3.0| 3.244981176359441|
|[8.0,2.0,5.0,4.0,...|  3.0|3.6003218187803863|
|[0.0,1.0,0.0,0.0,...|  3.0|2.5614656700797584|
|[0.0,5.0,0.0,0.0,...|  3.0| 2.403136679058839|
|[0.0,0.0,0.0,0.0,...|  3.0| 2.731741209826755|
|[0.0,3.0,0.0,0.0,...|  3.0| 3.003177219867415|
|[0.0,0.0,0.0,0.0,...|  3.0|2.3882584848114004|
+--------------------+-----+------------------+

